6728856;-1,013619;-0,2501565;-0,7840514;-1,44903
6728327;-0,2008572;-0,116949;-0,115984;-1000,039
6716689;-0,2093653;-0,2627875;-1000,021;-0,1898239
6716160;0;0;-1000;-1000
6449015;-0,6384572;-1000,102;-10,75189;-3,106905
6448486;0;-1000;0;-1000
6436848;-0,3259891;-1000;-1000;-2,001034
6436319;0;-1000;-1000;-1000
292513;-1000,202;-3,608233;-4,686536;-2,120104
291984;-1000;0;0;-1000
280346;-1000;-0,04888736;-1000;-5,1999
279817;-1000;0;-1000;-1000
12672;-1000;-1000,001;-4,248038;-13,62604
12143;-1000;-1000;0;-1000
505;-1000;-1000;-1000;0
-24;-1000;-1000;-1000;-1000
6728857;-0,4035416;-0,4060034;-0,733323;-0,1689908
6728328;-0,2336017;-0,2423631;-0,5915395;-1000
6716690;-0,06517291;-0,01017182;-1000,015;-0,01447515
6716161;0;0;-1000;-1000
6449016;-0,43757;-1000;-1,374696;-0,152041
6448487;-3,643334E-06;-1000;0;-1000
6436849;0;-1000;-1000;0
6436320;0;-1000;-1000;-1000
292514;-1000;-1,239024;-1,593679;-0,5383536
291985;-1000;-0,6259443;-2,758341;-1000
280347;-1000;0;-1000;0
279818;-1000;0;-1000;-1000
12673;-1000;-1000;-2,780102;-0,98483
12144;-1000;-1000;0;-1000
506;-1000;-1000;-1000;0
-23;-1000;-1000;-1000;-1000
6728858;-0,4051408;-1,79036;-1,83401;-0,23652
6728329;-0,7965246;-1,226757;-0,9274355;-1000
6716691;-0,1573195;-0,5711681;-1000,036;-0,7244528
6716162;0;0;-1000;-1000
6449017;-0,5953141;-1000,069;-0,5195235;-0,2354716
6448488;-0,2355308;-1000;-2,346643;-1000
6436850;0;-1000;-1000;0
6436321;0;-1000;-1000;-1000
292515;-1000,118;-5,707881;-1,149595;-0,3537239
291986;-1000;-0,8187473;-2,063632;-1000
280348;-1000,057;-6,618805;-1000,017;-0,1839823
279819;-1000;0;-1000;-1000
12674;-1000,072;-1000;-0,8350891;-0,2213333
12145;-1000;-1000;0;-1000
507;-1000;-1000;-1000;0
-22;-1000;-1000;-1000;-1000
6728879;-0,351171;-0,3916773;-0,2832083;-0,8599859
6728350;-0,01069682;-0,04808213;-0,032948;-1000
6716712;-0,2468774;-0,3008663;-1000,001;-1,029154
6716183;0;0;-1000;-1000
6449038;-0,7056402;-1000;-0,9930585;-1,005421
6448509;0;-1000;0;-1000
6436871;-0,7538118;-1000;-1000;-2,210209
6436342;0;-1000;-1000;-1000
292536;-1000,001;-0,008802456;-0,03734541;-1,721468
292007;-1000;0;0;-1000
280369;-1000;-0,000290781;-1000;-0,003691321
279840;-1000;0;-1000;-1000
12695;-1000;-1000;-0,04922566;-0,006830451
12166;-1000;-1000;0;-1000
528;-1000;-1000;-1000;0
-1;-1000;-1000;-1000;-1000
6728880;0;0;0;0
6728351;0;0;0;-1000
6716713;0;0;-1000;0
6716184;0;0;-1000;-1000
6449039;0;-1000;0;0
6448510;0;-1000;0;-1000
6436872;0;-1000;-1000;0
6436343;0;-1000;-1000;-1000
292537;-1000;0;0;0
292008;-1000;0;0;-1000
280370;-1000;0;-1000;0
279841;-1000;0;-1000;-1000
12696;-1000;-1000;0;0
12167;-1000;-1000;0;-1000
529;-1000;-1000;-1000;0
0;-1000;-1000;-1000;-1000
6728881;-0,2109324;-1,565691;-0,2972631;-0,2984675
6728352;-0,7110196;-1,724826;-0,323896;-1000
6716714;-0,3071221;-1,196274;-1000;-0,210881
6716185;-0,7973914;-0,6645416;-1000;-1000
6449040;0;-1000;0;0
6448511;0;-1000;0;-1000
6436873;0;-1000;-1000;0
6436344;0;-1000;-1000;-1000
292538;-1000;-0,8263056;-0,08740837;-0,1613144
292009;-1000;-0,58417;-0,3542234;-1000
280371;-1000;-0,3745169;-1000;0
279842;-1000;0;-1000;-1000
12697;-1000,01;-1000;0;0
12168;-1000;-1000;0;-1000
530;-1000;-1000;-1000;0
1;-1000;-1000;-1000;-1000
6728902;-0,7701277;-0,2585955;-0,2847168;-0,8354604
6728373;-0,2036817;-0,1751905;-0,1152964;-1000
6716735;-1,276882;-0,2325623;-1000;-3,293602
6716206;-0,04886494;-0,01829756;-1000;-1000
6449061;-1,245449;-1000;-0,2966671;-0,5682395
6448532;0;-1000;0;-1000
6436894;-0,3863502;-1000;-1000;-2,872577
6436365;0;-1000;-1000;-1000
292559;-1000;-0,06843347;-0,09399188;-1,130761
292030;-1000;0;0;-1000
280392;-1000;-0,0002152378;-1000;-6,006313E-10
279863;-1000;0;-1000;-1000
12718;-1000;-1000;-0,1640688;-0,04311731
12189;-1000;-1000;0;-1000
551;-1000;-1000;-1000;0
22;-1000;-1000;-1000;-1000
6728903;-1,822617;-0,3304342;-0,3285553;-0,1433957
6728374;-0,2810791;-0,1552572;-0,1563783;-1000
6716736;-1,544803;-0,491377;-1000;-0,8338448
6716207;-2,035419;-0,3874056;-1000;-1000
6449062;-0,9389825;-1000;-0,1980818;-0,1069894
6448533;0;-1000;0;-1000
6436895;-1,036411;-1000;-1000;-0,4557514
6436366;0;-1000;-1000;-1000
292560;-1000;-0,000197588;-7,480167E-05;-1,509114E-05
292031;-1000;0;0;-1000
280393;-1000;0;-1000;0
279864;-1000;0;-1000;-1000
12719;-1000;-1000;0;0
12190;-1000;-1000;0;-1000
552;-1000;-1000;-1000;0
23;-1000;-1000;-1000;-1000
6728904;-0,5012136;-0,5160338;-0,4804753;-0,1436182
6728375;-0,7214375;-0,868736;-0,3652102;-1000
6716737;-0,7025802;-4,265786;-1000;-2,762274
6716208;-10,95834;-0,6604049;-1000;-1000
6449063;-1,177256;-1000;-0,06143679;-0,1002434
6448534;-0,2686519;-1000;-0,1494064;-1000
6436896;-0,0004872694;-1000;-1000;0
6436367;0;-1000;-1000;-1000
292561;-1000,04;-0,5562318;-0,247168;-0,117857
292032;-1000;0;0;-1000
280394;-1000;-3,560428E-09;-1000;-0,003177599
279865;-1000;0;-1000;-1000
12720;-1000;-1000;-0,0003795343;-0,0006583532
12191;-1000;-1000;0;-1000
553;-1000;-1000;-1000;0
24;-1000;-1000;-1000;-1000
2054186607;-13,9979;-4,327069;-411,7136;-37,06469
2054186078;-6,126016;-7,258706;-225,3033;-1004,551
2054174440;-6,253786;-5,486553;-1000;-90,28109
2054173911;0;0;-1000;-1000
2053906766;-14,94813;-1001,67;-449,0677;-120,4929
2053906237;0;-1000;0;-1000
2053894599;-0,02892611;-1000;-1000;-0,06566844
2053894070;0;-1000;-1000;-1000
2047750264;-1000;-3,71573;-366,4832;-432,6563
2047749735;-1000;0;0;-1000
2047738097;-1000;-1,062986;-1000;-375,84
2047737568;-1000;0;-1000;-1000
2047470423;-1000;-1000;-586,7029;-32,29847
2047469894;-1000;-1000;0;-1000
2047458256;-1000;-1000;-1000;0
2047457727;-1000;-1000;-1000;-1000
2054186608;-10,55214;-24,323;-615,9539;-21,50499
2054186079;-19,95001;-5,993297;-849,9711;-1000,586
2054174441;-2,068;-0,5162209;-1000;-0,5916629
2054173912;0;0;-1000;-1000
2053906767;-10,05346;-1000;-769,1729;-7,302737
2053906238;-6,641011;-1000,338;-486;-1000
2053894600;0;-1000;-1000;0
2053894071;0;-1000;-1000;-1000
2047750265;-1000,149;-71,83255;-558,7407;-14,60731
2047749736;-1000;-5,107096;-486;-1000
2047738098;-1000;0;-1000;0
2047737569;-1000;0;-1000;-1000
2047470424;-1000;-1000;-340,2;-15,79059
2047469895;-1000;-1000;0;-1000
2047458257;-1000;-1000;-1000;0
2047457728;-1000;-1000;-1000;-1000
2054186609;-12,38066;-54,27663;-317,5281;-3,997214
2054186080;-5,205109;-108,2396;-731,7592;-1001,107
2054174442;-3,514223;-283,8919;-1000;-2,748546
2054173913;0;0;-1000;-1000
2053906768;-4,983023;-1000;-57,17741;-7,594892
2053906239;-8,716241;-1002,143;-238,14;-1000
2053894601;0;-1000;-1000;0
2053894072;0;-1000;-1000;-1000
2047750266;-1004,304;-563,3626;-537,9487;-3,9394
2047749737;-1000;-23,98028;-548,4753;-1000
2047738099;-1000;-207,279;-1000;-4,377097
2047737570;-1000;0;-1000;-1000
2047470425;-1000;-1000;0;0
2047469896;-1000;-1000;0;-1000
2047458258;-1000;-1000;-1000;0
2047457729;-1000;-1000;-1000;-1000
2054186630;-21,64008;-3,755473;-23,57431;-788,2772
2054186101;-0,0202494;0;0;-1000
2054174463;-16,25398;-9,987151;-1000;-1004,705
2054173934;0;0;-1000;-1000
2053906789;-85,92597;-1000;-122,1244;-357,2224
2053906260;0;-1000;0;-1000
2053894622;-26,38107;-1000;-1000;-238,14
2053894093;0;-1000;-1000;-1000
2047750287;-1000,086;-0,8718106;-5,268317;-568,1558
2047749758;-1000;0;0;-1000
2047738120;-1000;-0,9062416;-1000;-340,2
2047737591;-1000;0;-1000;-1000
2047470446;-1000;-1000,148;-3,802151;-613,9476
2047469917;-1000;-1000;0;-1000
2047458279;-1000;-1000;-1000;0
2047457750;-1000;-1000;-1000;-1000
2054186631;0;0;0;0
2054186102;0;0;0;-1000
2054174464;0;0;-1000;0
2054173935;0;0;-1000;-1000
2053906790;0;-1000;0;0
2053906261;0;-1000;0;-1000
2053894623;0;-1000;-1000;0
2053894094;0;-1000;-1000;-1000
2047750288;-1000;0;0;0
2047749759;-1000;0;0;-1000
2047738121;-1000;0;-1000;0
2047737592;-1000;0;-1000;-1000
2047470447;-1000;-1000;0;0
2047469918;-1000;-1000;0;-1000
2047458280;-1000;-1000;-1000;0
2047457751;-1000;-1000;-1000;-1000
2054186632;-4,729119;-270,741;-12,77136;-23,33219
2054186103;-19,8173;-514,7993;-78,9712;-1000,312
2054174465;-10,75245;-511,8216;-1000,726;-4,864337
2054173936;-7,300066;-826,2;-1000;-1000
2053906791;0;-1000;0;0
2053906262;0;-1000;0;-1000
2053894624;-0,9685017;-1000;-1000;0
2053894095;0;-1000;-1000;-1000
2047750289;-1003,613;-602,5068;-3,088194;-1,821188
2047749760;-1000;-263,1503;-2,888253;-1000
2047738122;-1000;-670,68;-1000;-1,492919
2047737593;-1000;0;-1000;-1000
2047470448;-1000;-1000;0;0
2047469919;-1000;-1000;0;-1000
2047458281;-1000;-1000;-1000;0
2047457752;-1000;-1000;-1000;-1000
2054186653;-216,1386;-2,09267;-30,3264;-133,5944
2054186124;-0,3609169;-3,003304;-0,4090542;-1000,001
2054174486;-275,3449;-13,83265;-1000;-296,4494
2054173957;0;0;-1000;-1000
2053906812;-573,7163;-1000,009;-5,207473;-44,46204
2053906283;0;-1000;0;-1000
2053894645;-341,3275;-1000;-1000,067;-490,9928
2053894116;0;-1000;-1000;-1000
2047750310;-1000;-4,614316;-2,566088;-1,130584
2047749781;-1000;0;0;-1000
2047738143;-1000;-0,6320522;-1000;-486
2047737614;-1000;0;-1000;-1000
2047470469;-1000;-1000;0;0
2047469940;-1000;-1000;0;-1000
2047458302;-1000;-1000;-1000;0
2047457773;-1000;-1000;-1000;-1000
2054186654;-827,6483;-14,17088;-13,59881;-5,755902
2054186125;-241,8258;-3,022059;-13,66715;-1000
2054174487;-927,1127;-15,33599;-1000,01;-48,17025
2054173958;-826,2;-29,13607;-1000;-1000
2053906813;-350,8362;-1000,003;-6,96382;-3,380213
2053906284;-486;-1000;-1,921091;-1000
2053894646;-826,2;-1000;-1000;-18,18979
2053894117;0;-1000;-1000;-1000
2047750311;-1000;-0,007336564;-1,038833E-08;0
2047749782;-1000;0;0;-1000
2047738144;-1000;0;-1000;0
2047737615;-1000;0;-1000;-1000
2047470470;-1000;-1000;-0,0008792055;0
2047469941;-1000;-1000;0;-1000
2047458303;-1000;-1000;-1000;0
2047457774;-1000;-1000;-1000;-1000
2054186655;-325,106;-622,6006;-11,06072;-3,362743
2054186126;-118,5431;-367,0239;-2,929381;-1000
2054174488;-156,2401;-85,88522;-1000,316;-71,75858
2054173959;-202,7813;-507,5141;-1000;-1000
2053906814;-184,1616;-1000,297;-3,912708;-8,771364
2053906285;-486;-1000;-1,46409;-1000
2053894647;0;-1000;-1000;0
2053894118;0;-1000;-1000;-1000
2047750312;-1021,379;-30,95204;-11,03971;-3,795665
2047749783;-1000;0;0;-1000
2047738145;-1000;-0,2992518;-1000;0
2047737616;-1000;0;-1000;-1000
2047470471;-1000;-1000;-0,001948183;-3,830663E-06
2047469942;-1000;-1000;0;-1000
2047458304;-1000;-1000;-1000;0
2047457775;-1000;-1000;-1000;-1000
-193322938;0;0;0;0
-193323467;0;0;0;-1000
-193335105;0;0;-1000;0
-193335634;0;0;-1000;-1000
-193602779;0;-1000;0;0
-193603308;0;-1000;0;-1000
-193614946;0;-1000;-1000;0
-193615475;0;-1000;-1000;-1000
-199759281;-1000;0;0;0
-199759810;-1000;0;0;-1000
-199771448;-1000;0;-1000;0
-199771977;-1000;0;-1000;-1000
-200039122;-1000;-1000;0;0
-200039651;-1000;-1000;0;-1000
-200051289;-1000;-1000;-1000;0
-200051818;-1000;-1000;-1000;-1000
-193322937;0;0;0;0
-193323466;0;0;0;-1000
-193335104;0;0;-1000;0
-193335633;0;0;-1000;-1000
-193602778;0;-1000;0;0
-193603307;0;-1000;0;-1000
-193614945;0;-1000;-1000;0
-193615474;0;-1000;-1000;-1000
-199759280;-1000;0;0;0
-199759809;-1000;0;0;-1000
-199771447;-1000;0;-1000;0
-199771976;-1000;0;-1000;-1000
-200039121;-1000;-1000;0;0
-200039650;-1000;-1000;0;-1000
-200051288;-1000;-1000;-1000;0
-200051817;-1000;-1000;-1000;-1000
-193322936;0;0;0;0
-193323465;0;0;0;-1000
-193335103;0;0;-1000;0
-193335632;0;0;-1000;-1000
-193602777;0;-1000;0;0
-193603306;0;-1000;0;-1000
-193614944;0;-1000;-1000;0
-193615473;0;-1000;-1000;-1000
-199759279;-1000;0;0;0
-199759808;-1000;0;0;-1000
-199771446;-1000;0;-1000;0
-199771975;-1000;0;-1000;-1000
-200039120;-1000;-1000;0;0
-200039649;-1000;-1000;0;-1000
-200051287;-1000;-1000;-1000;0
-200051816;-1000;-1000;-1000;-1000
-193322915;0;0;0;0
-193323444;0;0;0;-1000
-193335082;0;0;-1000;0
-193335611;0;0;-1000;-1000
-193602756;0;-1000;0;0
-193603285;0;-1000;0;-1000
-193614923;0;-1000;-1000;0
-193615452;0;-1000;-1000;-1000
-199759258;-1000;0;0;0
-199759787;-1000;0;0;-1000
-199771425;-1000;0;-1000;0
-199771954;-1000;0;-1000;-1000
-200039099;-1000;-1000;0;0
-200039628;-1000;-1000;0;-1000
-200051266;-1000;-1000;-1000;0
-200051795;-1000;-1000;-1000;-1000
-193322914;0;0;0;0
-193323443;0;0;0;-1000
-193335081;0;0;-1000;0
-193335610;0;0;-1000;-1000
-193602755;0;-1000;0;0
-193603284;0;-1000;0;-1000
-193614922;0;-1000;-1000;0
-193615451;0;-1000;-1000;-1000
-199759257;-1000;0;0;0
-199759786;-1000;0;0;-1000
-199771424;-1000;0;-1000;0
-199771953;-1000;0;-1000;-1000
-200039098;-1000;-1000;0;0
-200039627;-1000;-1000;0;-1000
-200051265;-1000;-1000;-1000;0
-200051794;-1000;-1000;-1000;-1000
-193322913;0;0;0;0
-193323442;0;0;0;-1000
-193335080;0;0;-1000;0
-193335609;0;0;-1000;-1000
-193602754;0;-1000;0;0
-193603283;0;-1000;0;-1000
-193614921;0;-1000;-1000;0
-193615450;0;-1000;-1000;-1000
-199759256;-1000;0;0;0
-199759785;-1000;0;0;-1000
-199771423;-1000;0;-1000;0
-199771952;-1000;0;-1000;-1000
-200039097;-1000;-1000;0;0
-200039626;-1000;-1000;0;-1000
-200051264;-1000;-1000;-1000;0
-200051793;-1000;-1000;-1000;-1000
-193322892;0;0;0;0
-193323421;0;0;0;-1000
-193335059;0;0;-1000;0
-193335588;0;0;-1000;-1000
-193602733;0;-1000;0;0
-193603262;0;-1000;0;-1000
-193614900;0;-1000;-1000;0
-193615429;0;-1000;-1000;-1000
-199759235;-1000;0;0;0
-199759764;-1000;0;0;-1000
-199771402;-1000;0;-1000;0
-199771931;-1000;0;-1000;-1000
-200039076;-1000;-1000;0;0
-200039605;-1000;-1000;0;-1000
-200051243;-1000;-1000;-1000;0
-200051772;-1000;-1000;-1000;-1000
-193322891;0;0;0;0
-193323420;0;0;0;-1000
-193335058;0;0;-1000;0
-193335587;0;0;-1000;-1000
-193602732;0;-1000;0;0
-193603261;0;-1000;0;-1000
-193614899;0;-1000;-1000;0
-193615428;0;-1000;-1000;-1000
-199759234;-1000;0;0;0
-199759763;-1000;0;0;-1000
-199771401;-1000;0;-1000;0
-199771930;-1000;0;-1000;-1000
-200039075;-1000;-1000;0;0
-200039604;-1000;-1000;0;-1000
-200051242;-1000;-1000;-1000;0
-200051771;-1000;-1000;-1000;-1000
-193322890;0;0;0;0
-193323419;0;0;0;-1000
-193335057;0;0;-1000;0
-193335586;0;0;-1000;-1000
-193602731;0;-1000;0;0
-193603260;0;-1000;0;-1000
-193614898;0;-1000;-1000;0
-193615427;0;-1000;-1000;-1000
-199759233;-1000;0;0;0
-199759762;-1000;0;0;-1000
-199771400;-1000;0;-1000;0
-199771929;-1000;0;-1000;-1000
-200039074;-1000;-1000;0;0
-200039603;-1000;-1000;0;-1000
-200051241;-1000;-1000;-1000;0
-200051770;-1000;-1000;-1000;-1000
1854134813;0;0;0;0
1854134284;0;0;0;-1000
1854122646;0;0;-1000;0
1854122117;0;0;-1000;-1000
1853854972;0;-1000;0;0
1853854443;0;-1000;0;-1000
1853842805;0;-1000;-1000;0
1853842276;0;-1000;-1000;-1000
1847698470;-1000;0;0;0
1847697941;-1000;0;0;-1000
1847686303;-1000;0;-1000;0
1847685774;-1000;0;-1000;-1000
1847418629;-1000;-1000;0;0
1847418100;-1000;-1000;0;-1000
1847406462;-1000;-1000;-1000;0
1847405933;-1000;-1000;-1000;-1000
1854134814;0;0;-899,9999;0
1854134285;0;0;-897,009;-1000
1854122647;0;0;-1000;0
1854122118;0;0;-1000;-1000
1853854973;0;-1000;-899,971;0
1853854444;0;-1000;-270;-1000
1853842806;0;-1000;-1000;0
1853842277;0;-1000;-1000;-1000
1847698471;-1000;0;-899,9999;0
1847697942;-1000;0;-459;-1000
1847686304;-1000;0;-1000;0
1847685775;-1000;0;-1000;-1000
1847418630;-1000;-1000;-748,737;0
1847418101;-1000;-1000;0;-1000
1847406463;-1000;-1000;-1000;0
1847405934;-1000;-1000;-1000;-1000
1854134815;0;0;0;0
1854134286;0;0;0;-1000
1854122648;0;0;-1000;0
1854122119;0;0;-1000;-1000
1853854974;0;-1000;0;0
1853854445;0;-1000;0;-1000
1853842807;0;-1000;-1000;0
1853842278;0;-1000;-1000;-1000
1847698472;-1000;0;0;0
1847697943;-1000;0;0;-1000
1847686305;-1000;0;-1000;0
1847685776;-1000;0;-1000;-1000
1847418631;-1000;-1000;0;0
1847418102;-1000;-1000;0;-1000
1847406464;-1000;-1000;-1000;0
1847405935;-1000;-1000;-1000;-1000
1854134836;0;0;0;-899,9999
1854134307;0;0;0;-1000
1854122669;0;0;-1000;-882,204
1854122140;0;0;-1000;-1000
1853854995;0;-1000;0;-897,009
1853854466;0;-1000;0;-1000
1853842828;0;-1000;-1000;-270
1853842299;0;-1000;-1000;-1000
1847698493;-1000;0;0;-899,9999
1847697964;-1000;0;0;-1000
1847686326;-1000;0;-1000;-459
1847685797;-1000;0;-1000;-1000
1847418652;-1000;-1000;0;-683,91
1847418123;-1000;-1000;0;-1000
1847406485;-1000;-1000;-1000;0
1847405956;-1000;-1000;-1000;-1000
1854134837;0;0;0;0
1854134308;0;0;0;-1000
1854122670;0;0;-1000;0
1854122141;0;0;-1000;-1000
1853854996;0;-1000;0;0
1853854467;0;-1000;0;-1000
1853842829;0;-1000;-1000;0
1853842300;0;-1000;-1000;-1000
1847698494;-1000;0;0;0
1847697965;-1000;0;0;-1000
1847686327;-1000;0;-1000;0
1847685798;-1000;0;-1000;-1000
1847418653;-1000;-1000;0;0
1847418124;-1000;-1000;0;-1000
1847406486;-1000;-1000;-1000;0
1847405957;-1000;-1000;-1000;-1000
1854134838;0;-899,9999;0;0
1854134309;0;-891,28;0;-1000
1854122671;0;-887,5428;-1000;0
1854122142;0;0;-1000;-1000
1853854997;0;-1000;0;0
1853854468;0;-1000;0;-1000
1853842830;0;-1000;-1000;0
1853842301;0;-1000;-1000;-1000
1847698495;-1000;-897,009;0;0
1847697966;-1000;0;0;-1000
1847686328;-1000;-459;-1000;0
1847685799;-1000;0;-1000;-1000
1847418654;-1000;-1000;0;0
1847418125;-1000;-1000;0;-1000
1847406487;-1000;-1000;-1000;0
1847405958;-1000;-1000;-1000;-1000
1854134859;0;0;0;0
1854134330;0;0;0;-1000
1854122692;0;0;-1000;0
1854122163;0;0;-1000;-1000
1853855018;0;-1000;0;0
1853854489;0;-1000;0;-1000
1853842851;0;-1000;-1000;0
1853842322;0;-1000;-1000;-1000
1847698516;-1000;0;0;0
1847697987;-1000;0;0;-1000
1847686349;-1000;0;-1000;0
1847685820;-1000;0;-1000;-1000
1847418675;-1000;-1000;0;0
1847418146;-1000;-1000;0;-1000
1847406508;-1000;-1000;-1000;0
1847405979;-1000;-1000;-1000;-1000
1854134860;-899,9999;0;0;0
1854134331;-794,1159;0;0;-1000
1854122693;-891,28;0;-1000;0
1854122164;0;0;-1000;-1000
1853855019;-899,9797;-1000;0;0
1853854490;0;-1000;0;-1000
1853842852;-270;-1000;-1000;0
1853842323;0;-1000;-1000;-1000
1847698517;-1000;0;0;0
1847697988;-1000;0;0;-1000
1847686350;-1000;0;-1000;0
1847685821;-1000;0;-1000;-1000
1847418676;-1000;-1000;0;0
1847418147;-1000;-1000;0;-1000
1847406509;-1000;-1000;-1000;0
1847405980;-1000;-1000;-1000;-1000
1854134861;0;0;0;0
1854134332;0;0;0;-1000
1854122694;0;0;-1000;0
1854122165;0;0;-1000;-1000
1853855020;0;-1000;0;0
1853854491;0;-1000;0;-1000
1853842853;0;-1000;-1000;0
1853842324;0;-1000;-1000;-1000
1847698518;-1000;0;0;0
1847697989;-1000;0;0;-1000
1847686351;-1000;0;-1000;0
1847685822;-1000;0;-1000;-1000
1847418677;-1000;-1000;0;0
1847418148;-1000;-1000;0;-1000
1847406510;-1000;-1000;-1000;0
1847405981;-1000;-1000;-1000;-1000
-393374732;-900;-900;-900;-900
-393375261;-900;-900;-900;-1000
-393386899;-900;-900;-1000;-900
-393387428;-900;-900;-1000;-1000
-393654573;-900;-1000;-900;-900
-393655102;-900;-1000;-900;-1000
-393666740;-900;-1000;-1000;-900
-393667269;-900;-1000;-1000;-1000
-399811075;-1000;-900;-900;-900
-399811604;-1000;-900;-900;-1000
-399823242;-1000;-900;-1000;-900
-399823771;-1000;-900;-1000;-1000
-400090916;-1000;-1000;-900;-900
-400091445;-1000;-1000;-900;-1000
-400103083;-1000;-1000;-1000;-900
-400103612;-1000;-1000;-1000;-1000
-393374731;-900;-900;-900;-900
-393375260;-900;-900;-900;-1000
-393386898;-900;-900;-1000;-900
-393387427;-900;-900;-1000;-1000
-393654572;-900;-1000;-900;-900
-393655101;-900;-1000;-900;-1000
-393666739;-900;-1000;-1000;-900
-393667268;-900;-1000;-1000;-1000
-399811074;-1000;-900;-900;-900
-399811603;-1000;-900;-900;-1000
-399823241;-1000;-900;-1000;-900
-399823770;-1000;-900;-1000;-1000
-400090915;-1000;-1000;-900;-900
-400091444;-1000;-1000;-900;-1000
-400103082;-1000;-1000;-1000;-900
-400103611;-1000;-1000;-1000;-1000
-393374730;-900;-900;-900;-900
-393375259;-900;-900;-900;-1000
-393386897;-900;-900;-1000;-900
-393387426;-900;-900;-1000;-1000
-393654571;-900;-1000;-900;-900
-393655100;-900;-1000;-900;-1000
-393666738;-900;-1000;-1000;-900
-393667267;-900;-1000;-1000;-1000
-399811073;-1000;-900;-900;-900
-399811602;-1000;-900;-900;-1000
-399823240;-1000;-900;-1000;-900
-399823769;-1000;-900;-1000;-1000
-400090914;-1000;-1000;-900;-900
-400091443;-1000;-1000;-900;-1000
-400103081;-1000;-1000;-1000;-900
-400103610;-1000;-1000;-1000;-1000
-393374709;-900;-900;-900;-900
-393375238;-900;-900;-900;-1000
-393386876;-900;-900;-1000;-900
-393387405;-900;-900;-1000;-1000
-393654550;-900;-1000;-900;-900
-393655079;-900;-1000;-900;-1000
-393666717;-900;-1000;-1000;-900
-393667246;-900;-1000;-1000;-1000
-399811052;-1000;-900;-900;-900
-399811581;-1000;-900;-900;-1000
-399823219;-1000;-900;-1000;-900
-399823748;-1000;-900;-1000;-1000
-400090893;-1000;-1000;-900;-900
-400091422;-1000;-1000;-900;-1000
-400103060;-1000;-1000;-1000;-900
-400103589;-1000;-1000;-1000;-1000
-393374708;-630;-900;-151,263;-900
-393375237;-900;-900;-900;-1000
-393386875;-900;-900;-1000;-900
-393387404;-900;-900;-1000;-1000
-393654549;-900;-1000;-900;-900
-393655078;-900;-1000;-900;-1000
-393666716;-900;-1000;-1000;-900
-393667245;-900;-1000;-1000;-1000
-399811051;-1000;-900;-441;-900
-399811580;-1000;-900;-900;-1000
-399823218;-1000;-900;-1000;-900
-399823747;-1000;-900;-1000;-1000
-400090892;-1000;-1000;-630;-900
-400091421;-1000;-1000;-900;-1000
-400103059;-1000;-1000;-1000;-900
-400103588;-1000;-1000;-1000;-1000
-393374707;-900;-900;-900;-900
-393375236;-900;-900;-900;-1000
-393386874;-900;-900;-1000;-900
-393387403;-900;-900;-1000;-1000
-393654548;-900;-1000;-900;-900
-393655077;-900;-1000;-900;-1000
-393666715;-900;-1000;-1000;-900
-393667244;-900;-1000;-1000;-1000
-399811050;-1000;-900;-900;-900
-399811579;-1000;-900;-900;-1000
-399823217;-1000;-900;-1000;-900
-399823746;-1000;-900;-1000;-1000
-400090891;-1000;-1000;-900;-900
-400091420;-1000;-1000;-900;-1000
-400103058;-1000;-1000;-1000;-900
-400103587;-1000;-1000;-1000;-1000
-393374686;-900;-900;-900;-900
-393375215;-900;-900;-900;-1000
-393386853;-900;-900;-1000;-900
-393387382;-900;-900;-1000;-1000
-393654527;-900;-1000;-900;-900
-393655056;-900;-1000;-900;-1000
-393666694;-900;-1000;-1000;-900
-393667223;-900;-1000;-1000;-1000
-399811029;-1000;-900;-900;-900
-399811558;-1000;-900;-900;-1000
-399823196;-1000;-900;-1000;-900
-399823725;-1000;-900;-1000;-1000
-400090870;-1000;-1000;-900;-900
-400091399;-1000;-1000;-900;-1000
-400103037;-1000;-1000;-1000;-900
-400103566;-1000;-1000;-1000;-1000
-393374685;-900;-900;-900;-900
-393375214;-900;-900;-900;-1000
-393386852;-900;-900;-1000;-900
-393387381;-900;-900;-1000;-1000
-393654526;-900;-1000;-900;-900
-393655055;-900;-1000;-900;-1000
-393666693;-900;-1000;-1000;-900
-393667222;-900;-1000;-1000;-1000
-399811028;-1000;-900;-900;-900
-399811557;-1000;-900;-900;-1000
-399823195;-1000;-900;-1000;-900
-399823724;-1000;-900;-1000;-1000
-400090869;-1000;-1000;-900;-900
-400091398;-1000;-1000;-900;-1000
-400103036;-1000;-1000;-1000;-900
-400103565;-1000;-1000;-1000;-1000
-393374684;-900;-900;-900;-900
-393375213;-900;-900;-900;-1000
-393386851;-900;-900;-1000;-900
-393387380;-900;-900;-1000;-1000
-393654525;-900;-1000;-900;-900
-393655054;-900;-1000;-900;-1000
-393666692;-900;-1000;-1000;-900
-393667221;-900;-1000;-1000;-1000
-399811027;-1000;-900;-900;-900
-399811556;-1000;-900;-900;-1000
-399823194;-1000;-900;-1000;-900
-399823723;-1000;-900;-1000;-1000
-400090868;-1000;-1000;-900;-900
-400091397;-1000;-1000;-900;-1000
-400103035;-1000;-1000;-1000;-900
-400103564;-1000;-1000;-1000;-1000